104
106
107
110
110
111
114
116
131
132
133
133
134
135
138
140
147
152
161
162
162
164
165
166
171
171
172
173
175
176
291
394
397
406
413
451
452
453
454
455
456
457
458
459
460
461
462
463
464
465
466
468
469
470
471
473
475
476
477
478
479
480
481
482
483
488
495
495
499
501
501
502
503
506
507
512
513
517
517
519
521
521
524
524
529
531
531
537
538
544
550
550
551
554
561
562
564
569
575
576
580
581
584
585
588
588
590
591
595
601
606
607
608
615
618
622
629
634
650
658
660
664
671
677
679
680
683
74
92
94
96
97
